2.574920e-01 1.723769e-02 -3.720876e-04 5.021278e-03 3.998046e-03 3.001676e-03 2.935213e-03 1.773411e-03 1.191933e-03 8.340740e-04 7.053409e-04 4.715249e-04 5.545474e-04 
1.723769e-02 4.177712e-02 8.069853e-03 6.765403e-03 4.580074e-03 2.653082e-03 2.144626e-03 1.612604e-03 1.016996e-03 1.004719e-03 9.862425e-04 6.407595e-04 4.171913e-04 
-3.720876e-04 8.069853e-03 1.440546e-02 3.697658e-03 2.605106e-03 1.908706e-03 1.323140e-03 7.823051e-04 4.129283e-04 4.946513e-04 4.776348e-04 4.153798e-04 1.942327e-04 
5.021278e-03 6.765403e-03 3.697658e-03 5.885380e-03 2.558984e-03 1.980653e-03 1.511851e-03 1.004662e-03 5.959810e-04 4.784698e-04 4.315145e-04 2.302218e-04 1.701181e-05 
3.998046e-03 4.580074e-03 2.605106e-03 2.558984e-03 2.388448e-03 1.413951e-03 1.027575e-03 6.283093e-04 3.267129e-04 2.646933e-04 2.520681e-04 1.434089e-04 6.342014e-05 
3.001676e-03 2.653082e-03 1.908706e-03 1.980653e-03 1.413951e-03 1.316310e-03 9.167194e-04 5.372374e-04 3.208126e-04 2.438346e-04 2.253580e-04 1.339392e-04 4.226249e-05 
2.935213e-03 2.144626e-03 1.323140e-03 1.511851e-03 1.027575e-03 9.167194e-04 7.715057e-04 4.456256e-04 2.809652e-04 2.227189e-04 2.113346e-04 1.231925e-04 3.722189e-05 
1.773411e-03 1.612604e-03 7.823051e-04 1.004662e-03 6.283093e-04 5.372374e-04 4.456256e-04 3.157520e-04 1.978334e-04 1.659073e-04 1.378638e-04 7.329569e-05 9.311313e-06 
1.191933e-03 1.016996e-03 4.129283e-04 5.959810e-04 3.267129e-04 3.208126e-04 2.809652e-04 1.978334e-04 1.693921e-04 1.424841e-04 1.177666e-04 6.711711e-05 2.129588e-05 
8.340740e-04 1.004719e-03 4.946513e-04 4.784698e-04 2.646933e-04 2.438346e-04 2.227189e-04 1.659073e-04 1.424841e-04 1.601404e-04 1.261686e-04 7.817288e-05 3.435928e-05 
7.053409e-04 9.862425e-04 4.776348e-04 4.315145e-04 2.520681e-04 2.253580e-04 2.113346e-04 1.378638e-04 1.177666e-04 1.261686e-04 1.323009e-04 8.803820e-05 4.518507e-05 
4.715249e-04 6.407595e-04 4.153798e-04 2.302218e-04 1.434089e-04 1.339392e-04 1.231925e-04 7.329569e-05 6.711711e-05 7.817288e-05 8.803820e-05 8.140697e-05 5.660899e-05 
5.545474e-04 4.171913e-04 1.942327e-04 1.701181e-05 6.342014e-05 4.226249e-05 3.722189e-05 9.311313e-06 2.129588e-05 3.435928e-05 4.518507e-05 5.660899e-05 6.851132e-05 
