8 5
0.0914318
5 -1 5 1
0.37432 0.88457 0.66774 0.71584 1.0341 
0.1053 -0.011648 -0.10238 2.6959e-05 0.0029804 
-0.011648 0.074386 -0.010967 0.00058476 -0.0010529 
-0.10238 -0.010967 0.049052 -0.00055239 0.017159 
2.6959e-05 0.00058476 -0.00055239 0.025237 -0.0014621 
0.0029804 -0.0010529 0.017159 -0.0014621 0.032694 
0.04779
5 -1 5 1
0.66693 0.88184 0.44622 0.71491 1.0412 
0.18001 -0.017178 -0.095245 0.00068669 -0.0084325 
-0.017178 0.08242 -0.0051454 -0.0036794 -0.00059371 
-0.095245 -0.0051454 0.032589 -0.0026054 0.016376 
0.00068669 -0.0036794 -0.0026054 0.024327 -0.0011732 
-0.0084325 -0.00059371 0.016376 -0.0011732 0.031814 
0.0702858
5 -1 5 1
0.22871 0.85802 0.93488 0.71714 1.0517 
0.062319 0.0092565 -0.10518 -0.00095716 0.0040538 
0.0092565 0.088287 -0.022897 0.0011533 -0.00029948 
-0.10518 -0.022897 0.056452 -0.00092918 0.0045492 
-0.00095716 0.0011533 -0.00092918 0.023679 -0.00060345 
0.0040538 -0.00029948 0.0045492 -0.00060345 0.0271 
0.211997
5 -1 5 1
0.14857 0.44253 1.2269 0.71971 1.0445 
0.041431 0.064236 -0.11697 0.00014205 0.0046914 
0.064236 0.24332 -0.036082 0.0016593 0.0023634 
-0.11697 -0.036082 0.082747 7.9437e-05 0.012971 
0.00014205 0.0016593 7.9437e-05 0.025419 0.0011601 
0.0046914 0.0023634 0.012971 0.0011601 0.032896 
0.0309275
5 -1 5 1
0.42375 0.88144 0.56598 0.71749 1.0191 
0.10665 -0.0047542 -0.088904 -0.0029074 0.0054053 
-0.0047542 0.077891 0.0070564 0.00096386 0.015851 
-0.088904 0.0070564 0.065602 -0.0016791 0.012424 
-0.0029074 0.00096386 -0.0016791 0.023121 0.00093814 
0.0054053 0.015851 0.012424 0.00093814 0.041645 
0.0806844
5 -1 5 1
0.32034 0.76152 0.76505 0.71754 1.0146 
0.08773 -0.030266 -0.093902 0.00028124 0.017218 
-0.030266 0.13696 -0.00089538 0.0016333 0.013153 
-0.093902 -0.00089538 0.055969 -0.003759 0.022649 
0.00028124 0.0016333 -0.003759 0.024014 0.001946 
0.017218 0.013153 0.022649 0.001946 0.030059 
0.273103
5 -1 5 1
0.2711 0.49618 0.86485 0.72012 1.0341 
0.084538 0.0077791 -0.13483 -0.00030861 0.010964 
0.0077791 0.24976 -0.025279 0.0021103 0.0066505 
-0.13483 -0.025279 0.076792 -0.0014412 0.013335 
-0.00030861 0.0021103 -0.0014412 0.024852 -0.0022215 
0.010964 0.0066505 0.013335 -0.0022215 0.038461 
0.193781
5 -1 5 1
0.55377 0.49852 0.51702 0.71903 1.0203 
0.17393 -0.019025 -0.11025 0.00011252 0.0039774 
-0.019025 0.25405 -0.015005 0.00013209 -0.0014123 
-0.11025 -0.015005 0.053742 -0.004227 0.018059 
0.00011252 0.00013209 -0.004227 0.024838 0.0032771 
0.0039774 -0.0014123 0.018059 0.0032771 0.042561 
