2.804065e-11 2.554708e-11 2.267504e-11 1.967313e-11 1.668577e-11 1.382270e-11 1.120260e-11 8.908445e-12 7.006075e-12 5.384525e-12 4.244223e-12 3.452259e-12 2.090657e-12 1.218888e-12 1.029093e-12 8.209355e-13 6.129879e-13 4.185243e-13 2.677238e-13 1.603254e-13 1.038235e-13 4.118593e-13 7.382854e-13 1.088796e-12 1.538468e-12 1.938089e-12 2.275006e-12 2.502529e-12 2.585275e-12 2.570607e-12 2.434676e-12 2.244327e-12 1.946822e-12 8.206542e-13 1.226629e-13 1.443250e-13 1.705127e-13 1.949289e-13 2.152831e-13 2.389724e-13 2.528657e-13 2.408319e-13 
2.554708e-11 2.335134e-11 2.079955e-11 1.811787e-11 1.542723e-11 1.282840e-11 1.043672e-11 8.331240e-12 6.577230e-12 5.071121e-12 4.010094e-12 3.282960e-12 2.023851e-12 1.205586e-12 1.015152e-12 8.101714e-13 6.063088e-13 4.147265e-13 2.671231e-13 1.595913e-13 1.029769e-13 3.506341e-13 6.379267e-13 9.425075e-13 1.343192e-12 1.702728e-12 2.014788e-12 2.234249e-12 2.324833e-12 2.327073e-12 2.214319e-12 2.055433e-12 1.793871e-12 7.592308e-13 1.225355e-13 1.435220e-13 1.677243e-13 1.935521e-13 2.145837e-13 2.383807e-13 2.499273e-13 2.386653e-13 
2.267504e-11 2.079955e-11 1.861053e-11 1.629052e-11 1.394362e-11 1.165496e-11 9.531670e-12 7.647215e-12 6.068662e-12 4.700501e-12 3.734311e-12 3.083878e-12 1.957750e-12 1.213506e-12 1.021448e-12 8.163476e-13 6.118406e-13 4.193527e-13 2.687682e-13 1.601588e-13 1.034345e-13 2.897560e-13 5.357876e-13 7.918182e-13 1.135936e-12 1.446988e-12 1.725570e-12 1.929355e-12 2.024977e-12 2.045580e-12 1.957795e-12 1.834181e-12 1.613376e-12 6.864891e-13 1.212811e-13 1.428015e-13 1.705890e-13 1.952205e-13 2.162888e-13 2.396421e-13 2.515384e-13 2.394334e-13 
1.967313e-11 1.811787e-11 1.629052e-11 1.435343e-11 1.237268e-11 1.041970e-11 8.585636e-12 6.937549e-12 5.541731e-12 4.320474e-12 3.453603e-12 2.878189e-12 1.872905e-12 1.196426e-12 1.009628e-12 8.054644e-13 6.028058e-13 4.125801e-13 2.645091e-13 1.580053e-13 1.031471e-13 2.358200e-13 4.410386e-13 6.502770e-13 9.374688e-13 1.194048e-12 1.430641e-12 1.611696e-12 1.707543e-12 1.745276e-12 1.686492e-12 1.598820e-12 1.421235e-12 6.090759e-13 1.194629e-13 1.409299e-13 1.661467e-13 1.916764e-13 2.135119e-13 2.355745e-13 2.482451e-13 2.365847e-13 
1.668577e-11 1.542723e-11 1.394362e-11 1.237268e-11 1.076155e-11 9.151084e-12 7.613736e-12 6.208289e-12 4.997781e-12 3.926116e-12 3.160801e-12 2.660071e-12 1.802327e-12 1.216134e-12 1.024800e-12 8.164959e-13 6.115307e-13 4.183702e-13 2.682341e-13 1.598322e-13 1.032111e-13 1.884679e-13 3.566356e-13 5.238293e-13 7.576562e-13 9.622702e-13 1.151947e-12 1.302211e-12 1.392123e-12 1.441838e-12 1.412949e-12 1.360324e-12 1.225400e-12 5.324623e-13 1.207865e-13 1.441374e-13 1.696745e-13 1.959180e-13 2.160862e-13 2.392870e-13 2.519191e-13 2.406262e-13 
1.382270e-11 1.282840e-11 1.165496e-11 1.041970e-11 9.151084e-12 7.879105e-12 6.642844e-12 5.481491e-12 4.456182e-12 3.532877e-12 2.869343e-12 2.440834e-12 1.727266e-12 1.227287e-12 1.036383e-12 8.256003e-13 6.154550e-13 4.191231e-13 2.675526e-13 1.603939e-13 1.051264e-13 1.500062e-13 2.847061e-13 4.151848e-13 6.009430e-13 7.594365e-13 9.060500e-13 1.018938e-12 1.091976e-12 1.146685e-12 1.143886e-12 1.125299e-12 1.030438e-12 4.556560e-13 1.196933e-13 1.429065e-13 1.710740e-13 1.960988e-13 2.175997e-13 2.401602e-13 2.537169e-13 2.433609e-13 
1.120260e-11 1.043672e-11 9.531670e-12 8.585636e-12 7.613736e-12 6.642844e-12 5.702184e-12 4.791196e-12 3.953325e-12 3.173118e-12 2.602967e-12 2.233913e-12 1.646581e-12 1.226238e-12 1.034815e-12 8.254230e-13 6.173262e-13 4.217894e-13 2.706893e-13 1.612679e-13 1.046124e-13 1.172998e-13 2.231338e-13 3.226192e-13 4.667022e-13 5.853344e-13 6.977411e-13 7.813267e-13 8.272008e-13 8.715745e-13 8.836672e-13 8.951666e-13 8.397526e-13 3.817304e-13 1.170990e-13 1.421375e-13 1.693603e-13 1.954553e-13 2.172373e-13 2.417966e-13 2.546910e-13 2.442518e-13 
8.908445e-12 8.331240e-12 7.647215e-12 6.937549e-12 6.208289e-12 5.481491e-12 4.791196e-12 4.131357e-12 3.490217e-12 2.851204e-12 2.369397e-12 2.042221e-12 1.581429e-12 1.239777e-12 1.050765e-12 8.378760e-13 6.272750e-13 4.283920e-13 2.738915e-13 1.637452e-13 1.073860e-13 8.965326e-14 1.712357e-13 2.458189e-13 3.551576e-13 4.421583e-13 5.270764e-13 5.927244e-13 6.225756e-13 6.378483e-13 6.443538e-13 6.745297e-13 6.523484e-13 3.118935e-13 1.119111e-13 1.391366e-13 1.690729e-13 1.963645e-13 2.188947e-13 2.436056e-13 2.568855e-13 2.472697e-13 
7.006075e-12 6.577230e-12 6.068662e-12 5.541731e-12 4.997781e-12 4.456182e-12 3.953325e-12 3.490217e-12 3.044128e-12 2.552244e-12 2.151168e-12 1.852880e-12 1.501204e-12 1.233608e-12 1.046109e-12 8.315075e-13 6.192779e-13 4.199997e-13 2.679419e-13 1.594714e-13 1.043621e-13 6.651354e-14 1.280825e-13 1.833061e-13 2.656712e-13 3.291582e-13 3.942240e-13 4.468611e-13 4.708450e-13 4.721775e-13 4.534337e-13 4.795227e-13 4.807432e-13 2.447115e-13 9.952313e-14 1.323945e-13 1.619202e-13 1.911630e-13 2.146144e-13 2.392625e-13 2.543699e-13 2.446890e-13 
5.384525e-12 5.071121e-12 4.700501e-12 4.320474e-12 3.926116e-12 3.532877e-12 3.173118e-12 2.851204e-12 2.552244e-12 2.235481e-12 1.931482e-12 1.662195e-12 1.433851e-12 1.254214e-12 1.064659e-12 8.486446e-13 6.324992e-13 4.315852e-13 2.768908e-13 1.648797e-13 1.073838e-13 5.245683e-14 9.708247e-14 1.379694e-13 1.964850e-13 2.408251e-13 2.870463e-13 3.258775e-13 3.440390e-13 3.484730e-13 3.271204e-13 3.162705e-13 3.190585e-13 1.747929e-13 8.408912e-14 1.225574e-13 1.586907e-13 1.907822e-13 2.162569e-13 2.436188e-13 2.585035e-13 2.488666e-13 
4.244223e-12 4.010094e-12 3.734311e-12 3.453603e-12 3.160801e-12 2.869343e-12 2.602967e-12 2.369397e-12 2.151168e-12 1.931482e-12 1.748188e-12 1.536564e-12 1.384636e-12 1.261774e-12 1.071237e-12 8.538368e-13 6.366835e-13 4.326473e-13 2.767729e-13 1.651337e-13 1.075739e-13 4.188462e-14 7.617319e-14 1.071732e-13 1.492336e-13 1.794767e-13 2.128326e-13 2.399853e-13 2.552916e-13 2.582364e-13 2.480695e-13 2.390671e-13 2.088912e-13 1.058833e-13 5.567978e-14 1.022405e-13 1.449188e-13 1.821201e-13 2.105359e-13 2.403003e-13 2.569652e-13 2.485325e-13 
3.452259e-12 3.282960e-12 3.083878e-12 2.878189e-12 2.660071e-12 2.440834e-12 2.233913e-12 2.042221e-12 1.852880e-12 1.662195e-12 1.536564e-12 1.438031e-12 1.371058e-12 1.282392e-12 1.092693e-12 8.748713e-13 6.551239e-13 4.458585e-13 2.849435e-13 1.691778e-13 1.112446e-13 3.115901e-14 5.682030e-14 7.821440e-14 1.069235e-13 1.268956e-13 1.535892e-13 1.722211e-13 1.855791e-13 1.944583e-13 1.957795e-13 2.095295e-13 1.857022e-13 5.626238e-14 1.521823e-14 7.023796e-14 1.241328e-13 1.697981e-13 2.047899e-13 2.389878e-13 2.586423e-13 2.516273e-13 
2.090657e-12 2.023851e-12 1.957750e-12 1.872905e-12 1.802327e-12 1.727266e-12 1.646581e-12 1.581429e-12 1.501204e-12 1.433851e-12 1.384636e-12 1.371058e-12 1.338063e-12 1.287676e-12 1.105556e-12 8.865032e-13 6.615106e-13 4.478955e-13 2.867393e-13 1.690902e-13 1.103930e-13 1.095878e-14 1.897418e-14 2.693347e-14 3.533603e-14 4.460103e-14 5.617067e-14 6.101614e-14 6.830476e-14 7.314779e-14 7.535577e-14 8.480646e-14 8.009565e-14 5.232975e-14 -1.979618e-14 2.315356e-14 8.323250e-14 1.401880e-13 1.866014e-13 2.275044e-13 2.515215e-13 2.490575e-13 
1.218888e-12 1.205586e-12 1.213506e-12 1.196426e-12 1.216134e-12 1.227287e-12 1.226238e-12 1.239777e-12 1.233608e-12 1.254214e-12 1.261774e-12 1.282392e-12 1.287676e-12 1.259557e-12 1.118618e-12 9.081470e-13 6.822524e-13 4.639644e-13 2.974113e-13 1.760844e-13 1.150178e-13 4.078463e-16 1.180825e-15 -9.418277e-16 1.512452e-15 1.024026e-15 2.752607e-16 -1.023609e-15 2.061835e-15 1.229049e-15 -3.439444e-16 1.308832e-15 5.246158e-17 3.765601e-15 -9.614601e-15 -2.137082e-14 2.722243e-14 9.473834e-14 1.554935e-13 2.085527e-13 2.421020e-13 2.475393e-13 
1.029093e-12 1.015152e-12 1.021448e-12 1.009628e-12 1.024800e-12 1.036383e-12 1.034815e-12 1.050765e-12 1.046109e-12 1.064659e-12 1.071237e-12 1.092693e-12 1.105556e-12 1.118618e-12 1.102515e-12 9.334849e-13 7.117639e-13 4.839922e-13 3.112096e-13 1.851418e-13 1.192016e-13 4.526722e-16 -1.097069e-15 -5.418342e-16 -9.233873e-16 1.256808e-15 3.884292e-18 4.668136e-16 1.746251e-15 1.633664e-15 -6.459760e-16 1.489520e-15 6.771550e-16 2.666674e-15 8.675235e-16 -1.037836e-14 -2.540096e-14 2.919615e-14 1.027628e-13 1.716887e-13 2.198593e-13 2.358782e-13 
8.209355e-13 8.101714e-13 8.163476e-13 8.054644e-13 8.164959e-13 8.256003e-13 8.254230e-13 8.378760e-13 8.315075e-13 8.486446e-13 8.538368e-13 8.748713e-13 8.865032e-13 9.081470e-13 9.334849e-13 9.088016e-13 7.375054e-13 5.132299e-13 3.343670e-13 2.020395e-13 1.276110e-13 -1.341856e-16 -5.370791e-16 2.380356e-16 -1.980955e-16 5.859056e-16 -2.850593e-16 -7.827814e-16 1.214689e-15 1.070160e-15 -1.109879e-15 2.734139e-16 8.305625e-17 1.809963e-15 1.113567e-15 4.089346e-15 -1.399441e-14 -3.479382e-14 2.298808e-14 1.077408e-13 1.779103e-13 2.102304e-13 
6.129879e-13 6.063088e-13 6.118406e-13 6.028058e-13 6.115307e-13 6.154550e-13 6.173262e-13 6.272750e-13 6.192779e-13 6.324992e-13 6.366835e-13 6.551239e-13 6.615106e-13 6.822524e-13 7.117639e-13 7.375054e-13 7.331946e-13 5.646654e-13 3.786134e-13 2.318052e-13 1.401963e-13 3.428168e-16 6.203810e-16 -4.682131e-16 -1.526553e-16 4.678658e-16 -2.005423e-16 1.141851e-16 1.182189e-15 1.125682e-15 -3.430513e-16 1.350580e-16 2.806652e-16 2.373467e-15 1.463649e-16 4.428314e-15 3.821520e-15 -1.987478e-14 -4.810111e-14 1.377686e-14 1.046288e-13 1.622206e-13 
4.185243e-13 4.147265e-13 4.193527e-13 4.125801e-13 4.183702e-13 4.191231e-13 4.217894e-13 4.283920e-13 4.199997e-13 4.315852e-13 4.326473e-13 4.458585e-13 4.478955e-13 4.639644e-13 4.839922e-13 5.132299e-13 5.646654e-13 5.840208e-13 4.460896e-13 2.774933e-13 1.599803e-13 -1.099206e-16 -1.796208e-16 -4.009635e-16 -3.295346e-16 2.314731e-16 -2.956360e-16 -5.534822e-16 6.467603e-16 1.779704e-15 -1.708364e-16 2.086894e-16 -5.937241e-16 1.475089e-15 -5.384341e-16 3.048498e-15 3.555729e-15 2.560626e-15 -2.330057e-14 -6.896763e-14 -3.209154e-15 8.301287e-14 
2.677238e-13 2.671231e-13 2.687682e-13 2.645091e-13 2.682341e-13 2.675526e-13 2.706893e-13 2.738915e-13 2.679419e-13 2.768908e-13 2.767729e-13 2.849435e-13 2.867393e-13 2.974113e-13 3.112096e-13 3.343670e-13 3.786134e-13 4.460896e-13 5.244471e-13 3.912829e-13 2.173380e-13 6.499768e-16 1.941333e-16 -3.488308e-16 1.334698e-16 1.004748e-15 -1.445087e-15 -1.280012e-15 2.859619e-16 6.670448e-16 -6.788399e-17 3.014976e-16 -7.829669e-16 1.455585e-15 -2.017817e-16 2.488619e-15 2.784830e-15 1.898495e-15 3.355847e-15 -3.555477e-14 -1.050612e-13 -3.972226e-14 
1.603254e-13 1.595913e-13 1.601588e-13 1.580053e-13 1.598322e-13 1.603939e-13 1.612679e-13 1.637452e-13 1.594714e-13 1.648797e-13 1.651337e-13 1.691778e-13 1.690902e-13 1.760844e-13 1.851418e-13 2.020395e-13 2.318052e-13 2.774933e-13 3.912829e-13 5.241261e-13 3.569433e-13 7.094022e-16 8.623242e-16 1.618736e-16 1.109778e-16 8.488898e-16 -1.210064e-15 -9.851795e-16 -4.935662e-16 2.800986e-16 1.345704e-16 4.596759e-16 -5.363591e-16 4.405812e-16 3.379855e-16 2.353509e-15 9.254712e-16 1.617589e-15 2.188522e-15 2.228422e-15 -4.811899e-14 -1.626918e-13 
1.038235e-13 1.029769e-13 1.034345e-13 1.031471e-13 1.032111e-13 1.051264e-13 1.046124e-13 1.073860e-13 1.043621e-13 1.073838e-13 1.075739e-13 1.112446e-13 1.103930e-13 1.150178e-13 1.192016e-13 1.276110e-13 1.401963e-13 1.599803e-13 2.173380e-13 3.569433e-13 5.459759e-13 -3.340816e-16 1.225791e-15 -1.959304e-16 4.453998e-16 -2.172264e-16 -1.119336e-15 -8.080295e-16 -1.439723e-15 2.603139e-16 -4.076471e-16 4.495154e-16 -2.503795e-16 1.123087e-15 1.408593e-15 1.499394e-15 9.882870e-16 1.755290e-15 2.705080e-15 8.108774e-15 2.048492e-14 -3.481013e-14 
4.118593e-13 3.506341e-13 2.897560e-13 2.358200e-13 1.884679e-13 1.500062e-13 1.172998e-13 8.965326e-14 6.651354e-14 5.245683e-14 4.188462e-14 3.115901e-14 1.095878e-14 4.078463e-16 4.526722e-16 -1.341856e-16 3.428168e-16 -1.099206e-16 6.499768e-16 7.094022e-16 -3.340816e-16 2.573630e-14 3.185770e-14 3.996209e-14 4.665790e-14 5.010993e-14 5.036411e-14 4.711250e-14 4.248366e-14 3.864309e-14 3.543403e-14 2.859714e-14 2.307702e-14 8.783968e-15 -3.118965e-16 3.408274e-16 1.117105e-15 9.655346e-17 2.305069e-16 2.249705e-16 -3.567464e-16 -1.363996e-15 
7.382854e-13 6.379267e-13 5.357876e-13 4.410386e-13 3.566356e-13 2.847061e-13 2.231338e-13 1.712357e-13 1.280825e-13 9.708247e-14 7.617319e-14 5.682030e-14 1.897418e-14 1.180825e-15 -1.097069e-15 -5.370791e-16 6.203810e-16 -1.796208e-16 1.941333e-16 8.623242e-16 1.225791e-15 3.185770e-14 4.871479e-14 6.159022e-14 7.391252e-14 8.167092e-14 8.424735e-14 8.149624e-14 7.546218e-14 6.922097e-14 6.322834e-14 5.401993e-14 4.398853e-14 1.702535e-14 7.975756e-16 -1.734409e-15 -6.350747e-16 1.302723e-16 -1.837157e-17 -8.406349e-17 5.117209e-16 3.706279e-16 
1.088796e-12 9.425075e-13 7.918182e-13 6.502770e-13 5.238293e-13 4.151848e-13 3.226192e-13 2.458189e-13 1.833061e-13 1.379694e-13 1.071732e-13 7.821440e-14 2.693347e-14 -9.418277e-16 -5.418342e-16 2.380356e-16 -4.682131e-16 -4.009635e-16 -3.488308e-16 1.618736e-16 -1.959304e-16 3.996209e-14 6.159022e-14 8.511847e-14 1.048509e-13 1.183187e-13 1.235813e-13 1.211739e-13 1.130785e-13 1.033539e-13 9.408391e-14 7.930499e-14 6.344780e-14 2.520397e-14 -9.816848e-16 6.790461e-16 1.608769e-16 -4.910763e-17 -2.730398e-16 5.035073e-17 5.520803e-16 3.515670e-16 
1.538468e-12 1.343192e-12 1.135936e-12 9.374688e-13 7.576562e-13 6.009430e-13 4.667022e-13 3.551576e-13 2.656712e-13 1.964850e-13 1.492336e-13 1.069235e-13 3.533603e-14 1.512452e-15 -9.233873e-16 -1.980955e-16 -1.526553e-16 -3.295346e-16 1.334698e-16 1.109778e-16 4.453998e-16 4.665790e-14 7.391252e-14 1.048509e-13 1.363347e-13 1.580792e-13 1.689963e-13 1.692091e-13 1.603410e-13 1.475653e-13 1.336362e-13 1.141534e-13 9.203486e-14 3.691452e-14 2.758573e-16 -7.698128e-16 -4.324596e-16 -1.033570e-15 -2.165985e-16 -5.002910e-17 1.647839e-16 1.085015e-15 
1.938089e-12 1.702728e-12 1.446988e-12 1.194048e-12 9.622702e-13 7.594365e-13 5.853344e-13 4.421583e-13 3.291582e-13 2.408251e-13 1.794767e-13 1.268956e-13 4.460103e-14 1.024026e-15 1.256808e-15 5.859056e-16 4.678658e-16 2.314731e-16 1.004748e-15 8.488898e-16 -2.172264e-16 5.010993e-14 8.167092e-14 1.183187e-13 1.580792e-13 1.910320e-13 2.094847e-13 2.135044e-13 2.050283e-13 1.893301e-13 1.706087e-13 1.451467e-13 1.176581e-13 4.860214e-14 -4.089657e-16 4.878109e-16 -3.803416e-16 1.074033e-16 1.089974e-16 5.931668e-17 2.872256e-16 1.221236e-16 
2.275006e-12 2.014788e-12 1.725570e-12 1.430641e-12 1.151947e-12 9.060500e-13 6.977411e-13 5.270764e-13 3.942240e-13 2.870463e-13 2.128326e-13 1.535892e-13 5.617067e-14 2.752607e-16 3.884292e-18 -2.850593e-16 -2.005423e-16 -2.956360e-16 -1.445087e-15 -1.210064e-15 -1.119336e-15 5.036411e-14 8.424735e-14 1.235813e-13 1.689963e-13 2.094847e-13 2.389440e-13 2.499394e-13 2.426502e-13 2.253844e-13 2.013668e-13 1.729041e-13 1.414181e-13 5.648282e-14 3.181613e-16 4.430450e-16 -2.197062e-16 -3.245593e-16 3.097196e-16 8.125918e-17 1.040284e-16 -1.767103e-16 
2.502529e-12 2.234249e-12 1.929355e-12 1.611696e-12 1.302211e-12 1.018938e-12 7.813267e-13 5.927244e-13 4.468611e-13 3.258775e-13 2.399853e-13 1.722211e-13 6.101614e-14 -1.023609e-15 4.668136e-16 -7.827814e-16 1.141851e-16 -5.534822e-16 -1.280012e-15 -9.851795e-16 -8.080295e-16 4.711250e-14 8.149624e-14 1.211739e-13 1.692091e-13 2.135044e-13 2.499394e-13 2.729829e-13 2.710346e-13 2.519661e-13 2.229771e-13 1.915583e-13 1.581016e-13 6.407454e-14 6.704385e-16 1.338545e-16 3.481321e-17 7.462119e-17 -2.748161e-16 -8.155889e-16 -3.060121e-16 3.537579e-16 
2.585275e-12 2.324833e-12 2.024977e-12 1.707543e-12 1.392123e-12 1.091976e-12 8.272008e-13 6.225756e-13 4.708450e-13 3.440390e-13 2.552916e-13 1.855791e-13 6.830476e-14 2.061835e-15 1.746251e-15 1.214689e-15 1.182189e-15 6.467603e-16 2.859619e-16 -4.935662e-16 -1.439723e-15 4.248366e-14 7.546218e-14 1.130785e-13 1.603410e-13 2.050283e-13 2.426502e-13 2.710346e-13 2.831497e-13 2.683697e-13 2.367270e-13 2.030240e-13 1.668129e-13 6.663787e-14 9.404156e-16 9.956949e-16 3.023590e-16 2.750683e-16 1.039496e-16 -2.864439e-16 -6.529689e-16 -4.241726e-16 
2.570607e-12 2.327073e-12 2.045580e-12 1.745276e-12 1.441838e-12 1.146685e-12 8.715745e-13 6.378483e-13 4.721775e-13 3.484730e-13 2.582364e-13 1.944583e-13 7.314779e-14 1.229049e-15 1.633664e-15 1.070160e-15 1.125682e-15 1.779704e-15 6.670448e-16 2.800986e-16 2.603139e-16 3.864309e-14 6.922097e-14 1.033539e-13 1.475653e-13 1.893301e-13 2.253844e-13 2.519661e-13 2.683697e-13 2.751439e-13 2.508688e-13 2.128214e-13 1.753450e-13 6.929040e-14 9.024210e-16 1.275580e-16 4.833416e-16 2.830375e-16 4.975675e-16 3.126859e-16 4.995064e-17 3.920693e-16 
2.434676e-12 2.214319e-12 1.957795e-12 1.686492e-12 1.412949e-12 1.143886e-12 8.836672e-13 6.443538e-13 4.534337e-13 3.271204e-13 2.480695e-13 1.957795e-13 7.535577e-14 -3.439444e-16 -6.459760e-16 -1.109879e-15 -3.430513e-16 -1.708364e-16 -6.788399e-17 1.345704e-16 -4.076471e-16 3.543403e-14 6.322834e-14 9.408391e-14 1.336362e-13 1.706087e-13 2.013668e-13 2.229771e-13 2.367270e-13 2.508688e-13 2.521564e-13 2.198979e-13 1.778196e-13 6.693180e-14 1.212785e-15 3.668507e-16 2.449082e-16 2.468027e-16 4.843381e-16 5.009163e-16 1.357690e-16 2.875276e-16 
2.244327e-12 2.055433e-12 1.834181e-12 1.598820e-12 1.360324e-12 1.125299e-12 8.951666e-13 6.745297e-13 4.795227e-13 3.162705e-13 2.390671e-13 2.095295e-13 8.480646e-14 1.308832e-15 1.489520e-15 2.734139e-16 1.350580e-16 2.086894e-16 3.014976e-16 4.596759e-16 4.495154e-16 2.859714e-14 5.401993e-14 7.930499e-14 1.141534e-13 1.451467e-13 1.729041e-13 1.915583e-13 2.030240e-13 2.128214e-13 2.198979e-13 2.254852e-13 1.872586e-13 6.723338e-14 3.777316e-15 1.573743e-15 1.030312e-15 -2.384260e-16 5.064096e-16 4.053491e-16 5.259885e-16 1.586426e-16 
1.946822e-12 1.793871e-12 1.613376e-12 1.421235e-12 1.225400e-12 1.030438e-12 8.397526e-13 6.523484e-13 4.807432e-13 3.190585e-13 2.088912e-13 1.857022e-13 8.009565e-14 5.246158e-17 6.771550e-16 8.305625e-17 2.806652e-16 -5.937241e-16 -7.829669e-16 -5.363591e-16 -2.503795e-16 2.307702e-14 4.398853e-14 6.344780e-14 9.203486e-14 1.176581e-13 1.414181e-13 1.581016e-13 1.668129e-13 1.753450e-13 1.778196e-13 1.872586e-13 1.891285e-13 7.689173e-14 9.141027e-15 2.687183e-15 1.565437e-15 8.376961e-16 4.382970e-16 2.664207e-16 4.267254e-16 1.813649e-16 
8.206542e-13 7.592308e-13 6.864891e-13 6.090759e-13 5.324623e-13 4.556560e-13 3.817304e-13 3.118935e-13 2.447115e-13 1.747929e-13 1.058833e-13 5.626238e-14 5.232975e-14 3.765601e-15 2.666674e-15 1.809963e-15 2.373467e-15 1.475089e-15 1.455585e-15 4.405812e-16 1.123087e-15 8.783968e-15 1.702535e-14 2.520397e-14 3.691452e-14 4.860214e-14 5.648282e-14 6.407454e-14 6.663787e-14 6.929040e-14 6.693180e-14 6.723338e-14 7.689173e-14 7.502349e-14 2.721026e-14 1.073296e-14 5.501448e-15 3.396619e-15 1.307441e-15 6.284403e-16 5.818631e-16 3.335893e-16 
1.226629e-13 1.225355e-13 1.212811e-13 1.194629e-13 1.207865e-13 1.196933e-13 1.170990e-13 1.119111e-13 9.952313e-14 8.408912e-14 5.567978e-14 1.521823e-14 -1.979618e-14 -9.614601e-15 8.675235e-16 1.113567e-15 1.463649e-16 -5.384341e-16 -2.017817e-16 3.379855e-16 1.408593e-15 -3.118965e-16 7.975756e-16 -9.816848e-16 2.758573e-16 -4.089657e-16 3.181613e-16 6.704385e-16 9.404156e-16 9.024210e-16 1.212785e-15 3.777316e-15 9.141027e-15 2.721026e-14 2.955582e-14 3.099100e-14 1.505568e-14 7.266012e-15 3.171329e-15 2.606492e-15 2.220849e-15 1.401020e-15 
1.443250e-13 1.435220e-13 1.428015e-13 1.409299e-13 1.441374e-13 1.429065e-13 1.421375e-13 1.391366e-13 1.323945e-13 1.225574e-13 1.022405e-13 7.023796e-14 2.315356e-14 -2.137082e-14 -1.037836e-14 4.089346e-15 4.428314e-15 3.048498e-15 2.488619e-15 2.353509e-15 1.499394e-15 3.408274e-16 -1.734409e-15 6.790461e-16 -7.698128e-16 4.878109e-16 4.430450e-16 1.338545e-16 9.956949e-16 1.275580e-16 3.668507e-16 1.573743e-15 2.687183e-15 1.073296e-14 3.099100e-14 3.805852e-14 4.076650e-14 1.967954e-14 9.450465e-15 5.635090e-15 3.781484e-15 1.988134e-15 
1.705127e-13 1.677243e-13 1.705890e-13 1.661467e-13 1.696745e-13 1.710740e-13 1.693603e-13 1.690729e-13 1.619202e-13 1.586907e-13 1.449188e-13 1.241328e-13 8.323250e-14 2.722243e-14 -2.540096e-14 -1.399441e-14 3.821520e-15 3.555729e-15 2.784830e-15 9.254712e-16 9.882870e-16 1.117105e-15 -6.350747e-16 1.608769e-16 -4.324596e-16 -3.803416e-16 -2.197062e-16 3.481321e-17 3.023590e-16 4.833416e-16 2.449082e-16 1.030312e-15 1.565437e-15 5.501448e-15 1.505568e-14 4.076650e-14 5.144101e-14 5.036135e-14 2.319862e-14 1.226244e-14 6.852619e-15 4.385942e-15 
1.949289e-13 1.935521e-13 1.952205e-13 1.916764e-13 1.959180e-13 1.960988e-13 1.954553e-13 1.963645e-13 1.911630e-13 1.907822e-13 1.821201e-13 1.697981e-13 1.401880e-13 9.473834e-14 2.919615e-14 -3.479382e-14 -1.987478e-14 2.560626e-15 1.898495e-15 1.617589e-15 1.755290e-15 9.655346e-17 1.302723e-16 -4.910763e-17 -1.033570e-15 1.074033e-16 -3.245593e-16 7.462119e-17 2.750683e-16 2.830375e-16 2.468027e-16 -2.384260e-16 8.376961e-16 3.396619e-15 7.266012e-15 1.967954e-14 5.036135e-14 5.721754e-14 6.227876e-14 2.864604e-14 1.549210e-14 8.962079e-15 
2.152831e-13 2.145837e-13 2.162888e-13 2.135119e-13 2.160862e-13 2.175997e-13 2.172373e-13 2.188947e-13 2.146144e-13 2.162569e-13 2.105359e-13 2.047899e-13 1.866014e-13 1.554935e-13 1.027628e-13 2.298808e-14 -4.810111e-14 -2.330057e-14 3.355847e-15 2.188522e-15 2.705080e-15 2.305069e-16 -1.837157e-17 -2.730398e-16 -2.165985e-16 1.089974e-16 3.097196e-16 -2.748161e-16 1.039496e-16 4.975675e-16 4.843381e-16 5.064096e-16 4.382970e-16 1.307441e-15 3.171329e-15 9.450465e-15 2.319862e-14 6.227876e-14 7.512389e-14 7.671299e-14 3.585660e-14 1.820671e-14 
2.389724e-13 2.383807e-13 2.396421e-13 2.355745e-13 2.392870e-13 2.401602e-13 2.417966e-13 2.436056e-13 2.392625e-13 2.436188e-13 2.403003e-13 2.389878e-13 2.275044e-13 2.085527e-13 1.716887e-13 1.077408e-13 1.377686e-14 -6.896763e-14 -3.555477e-14 2.228422e-15 8.108774e-15 2.249705e-16 -8.406349e-17 5.035073e-17 -5.002910e-17 5.931668e-17 8.125918e-17 -8.155889e-16 -2.864439e-16 3.126859e-16 5.009163e-16 4.053491e-16 2.664207e-16 6.284403e-16 2.606492e-15 5.635090e-15 1.226244e-14 2.864604e-14 7.671299e-14 1.003201e-13 1.014093e-13 4.729819e-14 
2.528657e-13 2.499273e-13 2.515384e-13 2.482451e-13 2.519191e-13 2.537169e-13 2.546910e-13 2.568855e-13 2.543699e-13 2.585035e-13 2.569652e-13 2.586423e-13 2.515215e-13 2.421020e-13 2.198593e-13 1.779103e-13 1.046288e-13 -3.209154e-15 -1.050612e-13 -4.811899e-14 2.048492e-14 -3.567464e-16 5.117209e-16 5.520803e-16 1.647839e-16 2.872256e-16 1.040284e-16 -3.060121e-16 -6.529689e-16 4.995064e-17 1.357690e-16 5.259885e-16 4.267254e-16 5.818631e-16 2.220849e-15 3.781484e-15 6.852619e-15 1.549210e-14 3.585660e-14 1.014093e-13 1.394261e-13 1.413061e-13 
2.408319e-13 2.386653e-13 2.394334e-13 2.365847e-13 2.406262e-13 2.433609e-13 2.442518e-13 2.472697e-13 2.446890e-13 2.488666e-13 2.485325e-13 2.516273e-13 2.490575e-13 2.475393e-13 2.358782e-13 2.102304e-13 1.622206e-13 8.301287e-14 -3.972226e-14 -1.626918e-13 -3.481013e-14 -1.363996e-15 3.706279e-16 3.515670e-16 1.085015e-15 1.221236e-16 -1.767103e-16 3.537579e-16 -4.241726e-16 3.920693e-16 2.875276e-16 1.586426e-16 1.813649e-16 3.335893e-16 1.401020e-15 1.988134e-15 4.385942e-15 8.962079e-15 1.820671e-14 4.729819e-14 1.413061e-13 2.064965e-13 
