7.10765886e-12 6.53940348e-12 5.46235054e-12 4.46933869e-12 3.60784611e-12 2.81721792e-12 2.18325213e-12 1.72563107e-12 1.37186746e-12 1.07753499e-12 8.51277781e-13 6.69412663e-13 5.27130158e-13 3.96805510e-13 2.91847443e-13 2.03937631e-13 1.35260923e-13 8.53150664e-14 4.98011192e-14 2.71034812e-14 1.34709431e-14 -7.41080406e-14 -1.79150416e-13 -1.27326135e-14 2.74638627e-13 5.25884983e-13 6.75011475e-13 7.22466804e-13 7.10641481e-13 6.48483108e-13 5.51014765e-13 4.52776990e-13 3.63933014e-13 2.95367836e-13 2.35720889e-13 1.92866876e-13 1.58867264e-13 1.31859074e-13 1.09997655e-13 8.97854624e-14 7.20032641e-14 5.61048800e-14 
6.53940348e-12 6.26208077e-12 5.51637144e-12 4.50783467e-12 3.63198905e-12 2.86374833e-12 2.21542070e-12 1.71566715e-12 1.35420616e-12 1.07648884e-12 8.56958497e-13 6.70192394e-13 5.27828060e-13 3.97710782e-13 2.89685476e-13 2.04828192e-13 1.34632498e-13 8.54946273e-14 5.03540222e-14 2.73204679e-14 1.33955243e-14 -1.26095186e-14 -7.96394891e-14 -1.73271948e-13 4.36482953e-14 3.36086250e-13 5.62174684e-13 6.62259657e-13 6.69991915e-13 6.22190981e-13 5.42006749e-13 4.51841244e-13 3.62716365e-13 2.94999245e-13 2.35932093e-13 1.91426064e-13 1.59451625e-13 1.31012549e-13 1.10154895e-13 9.07104812e-14 7.25843627e-14 5.57081766e-14 
5.46235054e-12 5.51637144e-12 5.44043096e-12 4.61728714e-12 3.70720262e-12 2.91122205e-12 2.25989157e-12 1.71750473e-12 1.37205299e-12 1.08093527e-12 8.57079482e-13 6.76404833e-13 5.29949282e-13 3.95443324e-13 2.89193815e-13 2.04230989e-13 1.36279813e-13 8.61714853e-14 4.95900027e-14 2.72378114e-14 1.33562353e-14 1.81050781e-15 -9.64742346e-15 -1.01209876e-13 -2.03866054e-13 2.89826510e-14 3.32921559e-13 5.29106252e-13 5.94666459e-13 5.91813840e-13 5.26249717e-13 4.43953161e-13 3.62349554e-13 2.94614355e-13 2.33844702e-13 1.90722569e-13 1.58892024e-13 1.32568999e-13 1.10885582e-13 8.92414090e-14 7.22591443e-14 5.56157207e-14 
4.46933869e-12 4.50783467e-12 4.61728714e-12 4.51961972e-12 3.81738205e-12 2.99275297e-12 2.30357004e-12 1.76838436e-12 1.37933613e-12 1.08643235e-12 8.59661951e-13 6.73699621e-13 5.27253204e-13 4.00957474e-13 2.91054974e-13 2.04759754e-13 1.35433364e-13 8.50245853e-14 5.02089352e-14 2.74317051e-14 1.35608890e-14 -3.84868975e-15 -2.61334476e-15 -8.18056003e-15 -1.08213036e-13 -2.29379398e-13 1.78248579e-14 3.14060232e-13 4.81043811e-13 5.27626884e-13 4.97368304e-13 4.30681573e-13 3.54569418e-13 2.90284178e-13 2.35804862e-13 1.91331127e-13 1.58876087e-13 1.31744664e-13 1.09419709e-13 9.04160105e-14 7.29240912e-14 5.64116215e-14 
3.60784611e-12 3.63198905e-12 3.70720262e-12 3.81738205e-12 3.82081633e-12 3.17710892e-12 2.41221242e-12 1.81000408e-12 1.39294580e-12 1.09083131e-12 8.59590278e-13 6.77157766e-13 5.30257358e-13 3.99753280e-13 2.92862369e-13 2.05845783e-13 1.35153105e-13 8.48773971e-14 5.04322305e-14 2.72976968e-14 1.35871341e-14 4.23396363e-16 -4.44084471e-15 -2.59091085e-15 -6.81949959e-15 -1.05088714e-13 -2.53552207e-13 2.26092913e-15 2.76598967e-13 4.20362411e-13 4.43553887e-13 4.05251612e-13 3.44977706e-13 2.86802049e-13 2.32819026e-13 1.91431944e-13 1.59221798e-13 1.31079914e-13 1.09275431e-13 9.06111633e-14 7.24825720e-14 5.65118094e-14 
2.81721792e-12 2.86374833e-12 2.91122205e-12 2.99275297e-12 3.17710892e-12 3.18808310e-12 2.54984071e-12 1.87743076e-12 1.42414214e-12 1.10401248e-12 8.63508760e-13 6.86226779e-13 5.32498419e-13 4.02783216e-13 2.93089227e-13 2.05131188e-13 1.35099801e-13 8.53919902e-14 5.00066351e-14 2.74467553e-14 1.36945036e-14 7.27097749e-16 -2.72521344e-15 4.82647529e-15 1.73398240e-15 -6.77704694e-16 -1.05324970e-13 -2.54595283e-13 -1.38202829e-15 2.44642485e-13 3.54767244e-13 3.61749292e-13 3.29285112e-13 2.78961338e-13 2.30473638e-13 1.89609004e-13 1.57834029e-13 1.30539811e-13 1.09643088e-13 8.99261822e-14 7.28305907e-14 5.70130341e-14 
2.18325213e-12 2.21542070e-12 2.25989157e-12 2.30357004e-12 2.41221242e-12 2.54984071e-12 2.65447281e-12 2.03444988e-12 1.49373677e-12 1.12338884e-12 8.74762715e-13 6.84178283e-13 5.33964670e-13 4.00608029e-13 2.92042923e-13 2.05425516e-13 1.34638150e-13 8.59506765e-14 5.01347978e-14 2.75717223e-14 1.36252551e-14 3.65037601e-15 -2.94274062e-15 -1.68784693e-15 -2.59838901e-15 6.10682642e-15 5.10382413e-15 -9.41908512e-14 -2.51144551e-13 -6.74470616e-15 2.06962829e-13 2.91432037e-13 2.93059100e-13 2.63399950e-13 2.22007747e-13 1.85540658e-13 1.56477491e-13 1.29381359e-13 1.09814422e-13 8.99923662e-14 7.30667935e-14 5.67379432e-14 
1.72563107e-12 1.71566715e-12 1.71750473e-12 1.76838436e-12 1.81000408e-12 1.87743076e-12 2.03444988e-12 2.15597342e-12 1.63395757e-12 1.17560657e-12 8.95244036e-13 6.91891012e-13 5.41514907e-13 4.05310505e-13 2.95037250e-13 2.04708383e-13 1.36660336e-13 8.54511272e-14 5.02973141e-14 2.73028438e-14 1.35118555e-14 2.83070443e-15 1.18842618e-15 -8.35160770e-16 1.23478896e-15 -6.58741491e-16 9.34792107e-16 1.27754881e-14 -7.84301384e-14 -2.30508877e-13 -6.15744003e-15 1.72991612e-13 2.36155408e-13 2.38265444e-13 2.11402840e-13 1.81337641e-13 1.52903622e-13 1.29910479e-13 1.08588555e-13 8.99472688e-14 7.22653633e-14 5.60042704e-14 
1.37186746e-12 1.35420616e-12 1.37205299e-12 1.37933613e-12 1.39294580e-12 1.42414214e-12 1.49373677e-12 1.63395757e-12 1.77219764e-12 1.30320483e-12 9.29254948e-13 7.14969890e-13 5.45542540e-13 4.10688629e-13 2.97486819e-13 2.04856944e-13 1.36474526e-13 8.53392086e-14 4.99252836e-14 2.75039773e-14 1.36881845e-14 1.06382643e-15 -8.71164608e-16 2.62864323e-15 6.38823862e-16 8.66294075e-16 -2.01986236e-15 9.53350802e-17 7.69035908e-15 -7.14044752e-14 -2.03285921e-13 -8.97900649e-15 1.40156164e-13 1.91191975e-13 1.90785468e-13 1.72107144e-13 1.48038198e-13 1.27187718e-13 1.07162964e-13 8.85863694e-14 7.24287862e-14 5.65753038e-14 
1.07753499e-12 1.07648884e-12 1.08093527e-12 1.08643235e-12 1.09083131e-12 1.10401248e-12 1.12338884e-12 1.17560657e-12 1.30320483e-12 1.43139355e-12 1.02592185e-12 7.42404828e-13 5.56257381e-13 4.11542706e-13 2.98814870e-13 2.05681559e-13 1.35720324e-13 8.54489124e-14 5.02069754e-14 2.77754089e-14 1.35420732e-14 2.27002559e-15 2.41137039e-15 -6.10753853e-16 3.68008123e-15 1.20617673e-15 -1.12122416e-15 5.41320145e-15 5.66476580e-15 1.48891558e-14 -5.11100991e-14 -1.78084796e-13 -9.04272350e-15 1.13223183e-13 1.52326514e-13 1.53744617e-13 1.39489505e-13 1.22205125e-13 1.05046726e-13 8.81353051e-14 7.26349248e-14 5.58175947e-14 
8.51277781e-13 8.56958497e-13 8.57079482e-13 8.59661951e-13 8.59590278e-13 8.63508760e-13 8.74762715e-13 8.95244036e-13 9.29254948e-13 1.02592185e-12 1.13163580e-12 8.16220022e-13 5.73170340e-13 4.24782306e-13 3.07489018e-13 2.11185144e-13 1.36600097e-13 8.56791440e-14 5.00171640e-14 2.75936445e-14 1.37771860e-14 4.80918309e-16 -1.71990175e-15 -2.31496903e-15 -1.55997484e-15 6.33527880e-17 -1.18520340e-15 1.03139137e-15 1.96839358e-18 1.42550708e-16 1.05976286e-14 -4.29402456e-14 -1.47958035e-13 -7.95430882e-15 9.13736856e-14 1.25917626e-13 1.27282023e-13 1.15015631e-13 1.01556576e-13 8.57777375e-14 7.11688885e-14 5.63079461e-14 
6.69412663e-13 6.70192394e-13 6.76404833e-13 6.73699621e-13 6.77157766e-13 6.86226779e-13 6.84178283e-13 6.91891012e-13 7.14969890e-13 7.42404828e-13 8.16220022e-13 8.99997057e-13 6.30870877e-13 4.36246534e-13 3.10710612e-13 2.08613405e-13 1.36885959e-13 8.41704460e-14 4.93169969e-14 2.73688616e-14 1.36031508e-14 2.26396023e-15 -7.46200125e-16 2.33083243e-15 -2.27410683e-15 -9.30176574e-16 1.15986850e-15 2.95182016e-16 1.09650807e-15 -1.26467960e-15 3.11651875e-15 1.43114599e-14 -2.62332251e-14 -1.20982610e-13 -5.76161586e-15 7.26159836e-14 9.89550492e-14 1.01871248e-13 9.30116173e-14 8.11408881e-14 6.87407842e-14 5.47596829e-14 
5.27130158e-13 5.27828060e-13 5.29949282e-13 5.27253204e-13 5.30257358e-13 5.32498419e-13 5.33964670e-13 5.41514907e-13 5.45542540e-13 5.56257381e-13 5.73170340e-13 6.30870877e-13 7.16247031e-13 4.89353662e-13 3.27271442e-13 2.14089111e-13 1.36271571e-13 8.52033249e-14 5.01113947e-14 2.78348546e-14 1.39805466e-14 1.08690801e-15 1.58242052e-15 -1.05085129e-16 -9.35849625e-16 -2.40721411e-16 1.76881959e-15 7.00224641e-16 1.86517435e-15 1.75276950e-15 -5.42117280e-16 5.53515598e-15 1.11334869e-14 -1.80087617e-14 -9.86667186e-14 -3.45240459e-15 5.87330960e-14 7.92886941e-14 8.27159819e-14 7.64300380e-14 6.72154558e-14 5.45669628e-14 
3.96805510e-13 3.97710782e-13 3.95443324e-13 4.00957474e-13 3.99753280e-13 4.02783216e-13 4.00608029e-13 4.05310505e-13 4.10688629e-13 4.11542706e-13 4.24782306e-13 4.36246534e-13 4.89353662e-13 5.46249032e-13 3.69070249e-13 2.29664581e-13 1.40148060e-13 8.80079017e-14 5.29502928e-14 2.95959449e-14 1.50565221e-14 -5.85627743e-16 -1.15504418e-15 1.01197414e-15 -1.27878886e-15 -3.45034256e-16 -1.00588141e-15 -6.23623551e-16 -4.29776988e-16 1.61148002e-16 4.86285046e-16 -5.82821037e-16 8.43038719e-16 9.50409278e-15 -1.54184996e-14 -7.92724988e-14 -1.84256522e-15 4.54771156e-14 6.52611542e-14 7.04752144e-14 6.58958847e-14 5.58526882e-14 
2.91847443e-13 2.89685476e-13 2.89193815e-13 2.91054974e-13 2.92862369e-13 2.93089227e-13 2.92042923e-13 2.95037250e-13 2.97486819e-13 2.98814870e-13 3.07489018e-13 3.10710612e-13 3.27271442e-13 3.69070249e-13 4.14308670e-13 2.59995547e-13 1.44009093e-13 9.32593599e-14 5.20750039e-14 2.80993975e-14 1.40792698e-14 -2.66255815e-16 -4.63190248e-16 7.27708381e-16 8.16186678e-17 -5.59423712e-16 -2.73576649e-16 -1.15189453e-15 6.77273795e-16 1.12812814e-15 -5.99083778e-16 -2.51978823e-17 -1.19633825e-16 -1.73284547e-15 6.09190157e-15 -1.17415031e-14 -5.97448543e-14 -2.05204469e-15 3.76347937e-14 5.24603802e-14 5.38648120e-14 4.76049908e-14 
2.03937631e-13 2.04828192e-13 2.04230989e-13 2.04759754e-13 2.05845783e-13 2.05131188e-13 2.05425516e-13 2.04708383e-13 2.04856944e-13 2.05681559e-13 2.11185144e-13 2.08613405e-13 2.14089111e-13 2.29664581e-13 2.59995547e-13 2.99079174e-13 1.62694865e-13 1.04488142e-13 5.78266685e-14 3.07073780e-14 1.49436792e-14 -1.25733136e-15 -3.12325055e-16 1.07297041e-16 4.14943268e-16 -1.07401660e-15 -6.85698207e-16 4.61857458e-16 -2.99925627e-16 -5.08201484e-16 6.70705797e-16 3.00808432e-16 -7.42769801e-16 -7.00154546e-16 4.07255113e-16 4.27321191e-15 -6.48589925e-15 -4.40617597e-14 -3.65218601e-15 3.04792117e-14 4.32684704e-14 4.22185451e-14 
1.35260923e-13 1.34632498e-13 1.36279813e-13 1.35433364e-13 1.35153105e-13 1.35099801e-13 1.34638150e-13 1.36660336e-13 1.36474526e-13 1.35720324e-13 1.36600097e-13 1.36885959e-13 1.36271571e-13 1.40148060e-13 1.44009093e-13 1.62694865e-13 1.71194087e-13 9.00363165e-14 4.57405522e-14 2.31812546e-14 1.03643871e-14 -2.30237592e-16 -7.99882528e-17 1.48443295e-16 -2.18850675e-16 9.92644622e-18 -4.94495574e-17 -5.19739806e-16 3.32838765e-16 -1.56714176e-16 4.74556575e-16 -5.69935137e-16 1.10788260e-15 3.24919536e-16 7.67116568e-16 1.13752121e-15 3.37289554e-15 -5.48359753e-15 -2.84250601e-14 -3.19705724e-15 1.60946756e-14 2.01342305e-14 
8.53150664e-14 8.54946273e-14 8.61714853e-14 8.50245853e-14 8.48773971e-14 8.53919902e-14 8.59506765e-14 8.54511272e-14 8.53392086e-14 8.54489124e-14 8.56791440e-14 8.41704460e-14 8.52033249e-14 8.80079017e-14 9.32593599e-14 1.04488142e-13 9.00363165e-14 1.74049721e-13 8.98905355e-14 4.01006265e-14 1.79520216e-14 8.40035989e-16 1.08918772e-16 -7.33925365e-16 -7.59609862e-16 -6.95510707e-16 -1.19319960e-16 1.91462921e-16 -3.44845762e-16 3.93173409e-16 3.36549985e-17 4.25745931e-16 2.81534309e-16 -2.18938218e-16 -1.59041651e-16 -2.66692904e-16 4.16772015e-16 2.36152133e-15 -6.13949188e-15 -3.50778098e-14 -4.57597951e-15 1.43686673e-14 
4.98011192e-14 5.03540222e-14 4.95900027e-14 5.02089352e-14 5.04322305e-14 5.00066351e-14 5.01347978e-14 5.02973141e-14 4.99252836e-14 5.02069754e-14 5.00171640e-14 4.93169969e-14 5.01113947e-14 5.29502928e-14 5.20750039e-14 5.78266685e-14 4.57405522e-14 8.98905355e-14 2.12012677e-13 1.02044433e-13 4.03661280e-14 3.76248818e-16 4.39697677e-16 5.88973445e-16 5.00045063e-16 5.02776941e-16 3.65653545e-16 -3.29476730e-17 2.42131490e-16 -1.11721700e-17 -3.99910220e-16 1.65301831e-16 7.35476916e-17 -7.92557401e-17 2.93207885e-16 1.09375698e-16 4.46649902e-16 5.14204092e-16 2.05378593e-15 -7.73022345e-15 -5.07631317e-14 -1.21394379e-14 
2.71034812e-14 2.73204679e-14 2.72378114e-14 2.74317051e-14 2.72976968e-14 2.74467553e-14 2.75717223e-14 2.73028438e-14 2.75039773e-14 2.77754089e-14 2.75936445e-14 2.73688616e-14 2.78348546e-14 2.95959449e-14 2.80993975e-14 3.07073780e-14 2.31812546e-14 4.01006265e-14 1.02044433e-13 2.67154123e-13 1.29718856e-13 1.86775536e-16 -3.18128200e-16 -5.30344675e-17 -2.95116488e-16 -4.01589917e-16 6.98193501e-17 -8.52689927e-17 2.62290184e-16 -4.16967091e-16 1.62090470e-16 -8.13732675e-17 -3.12208990e-16 2.96205736e-16 3.52667187e-16 3.44057076e-16 -4.09934524e-16 -9.00476755e-17 -4.35492053e-16 4.29188684e-15 -9.86230410e-15 -8.14014920e-14 
1.34709431e-14 1.33955243e-14 1.33562353e-14 1.35608890e-14 1.35871341e-14 1.36945036e-14 1.36252551e-14 1.35118555e-14 1.36881845e-14 1.35420732e-14 1.37771860e-14 1.36031508e-14 1.39805466e-14 1.50565221e-14 1.40792698e-14 1.49436792e-14 1.03643871e-14 1.79520216e-14 4.03661280e-14 1.29718856e-13 3.77530321e-13 2.77621006e-16 9.23200119e-17 2.85872481e-16 9.00722121e-17 -2.06281953e-16 -1.17958100e-16 2.11794138e-16 -5.42462469e-16 -1.12067982e-16 -3.62254412e-16 3.26557227e-16 2.62112890e-17 1.27418948e-16 4.91914439e-16 9.72842504e-17 2.34477545e-16 2.17201476e-16 3.44282892e-16 1.39304544e-15 1.24020044e-14 2.20966267e-15 
-7.41080406e-14 -1.26095186e-14 1.81050781e-15 -3.84868975e-15 4.23396363e-16 7.27097749e-16 3.65037601e-15 2.83070443e-15 1.06382643e-15 2.27002559e-15 4.80918309e-16 2.26396023e-15 1.08690801e-15 -5.85627743e-16 -2.66255815e-16 -1.25733136e-15 -2.30237592e-16 8.40035989e-16 3.76248818e-16 1.86775536e-16 2.77621006e-16 3.37070142e-13 1.82526031e-13 8.63127143e-14 3.47606487e-14 9.55303887e-15 -1.64161638e-15 6.41903866e-15 5.47586898e-15 3.71924196e-15 4.17408561e-15 1.17493061e-15 3.72182877e-15 2.22009250e-15 -1.17266457e-15 -4.67483611e-16 -1.60585524e-15 -1.98669777e-16 6.17317484e-16 2.44768690e-16 8.65460076e-17 5.01355031e-17 
-1.79150416e-13 -7.96394891e-14 -9.64742346e-15 -2.61334476e-15 -4.44084471e-15 -2.72521344e-15 -2.94274062e-15 1.18842618e-15 -8.71164608e-16 2.41137039e-15 -1.71990175e-15 -7.46200125e-16 1.58242052e-15 -1.15504418e-15 -4.63190248e-16 -3.12325055e-16 -7.99882528e-17 1.08918772e-16 4.39697677e-16 -3.18128200e-16 9.23200119e-17 1.82526031e-13 2.36017721e-13 2.13268858e-13 6.38780512e-14 3.30339097e-14 -7.30829724e-15 -1.20116708e-15 3.18176439e-15 -1.84899358e-15 3.57086413e-15 -2.97620953e-15 -9.62897821e-16 3.07114553e-15 -2.03720830e-15 -5.65211114e-16 -4.03499807e-16 -1.07330728e-16 4.56158900e-17 2.33565248e-16 -1.33073197e-16 2.88455739e-17 
-1.27326135e-14 -1.73271948e-13 -1.01209876e-13 -8.18056003e-15 -2.59091085e-15 4.82647529e-15 -1.68784693e-15 -8.35160770e-16 2.62864323e-15 -6.10753853e-16 -2.31496903e-15 2.33083243e-15 -1.05085129e-16 1.01197414e-15 7.27708381e-16 1.07297041e-16 1.48443295e-16 -7.33925365e-16 5.88973445e-16 -5.30344675e-17 2.85872481e-16 8.63127143e-14 2.13268858e-13 3.39101633e-13 1.85295969e-13 7.05568822e-14 2.52435620e-14 -8.51166999e-16 -4.57481597e-15 7.53769602e-15 -2.48763888e-15 -2.81497590e-15 4.41075535e-15 -8.32185813e-16 1.70592993e-15 1.04934716e-15 1.48744002e-16 1.80175275e-16 -5.95921258e-16 3.13831198e-16 -1.33081448e-17 6.63970776e-17 
2.74638627e-13 4.36482953e-14 -2.03866054e-13 -1.08213036e-13 -6.81949959e-15 1.73398240e-15 -2.59838901e-15 1.23478896e-15 6.38823862e-16 3.68008123e-15 -1.55997484e-15 -2.27410683e-15 -9.35849625e-16 -1.27878886e-15 8.16186678e-17 4.14943268e-16 -2.18850675e-16 -7.59609862e-16 5.00045063e-16 -2.95116488e-16 9.00722121e-17 3.47606487e-14 6.38780512e-14 1.85295969e-13 3.60819822e-13 1.89376975e-13 6.47663197e-14 1.98369883e-14 5.73448127e-15 3.36034366e-15 6.53779367e-15 -3.70951576e-15 -3.98346860e-15 -2.67048968e-15 -2.42622963e-15 4.72724714e-17 5.33070239e-16 -1.85966585e-16 -5.55998519e-16 2.58325780e-16 -9.82205975e-17 2.75112744e-17 
5.25884983e-13 3.36086250e-13 2.89826510e-14 -2.29379398e-13 -1.05088714e-13 -6.77704694e-16 6.10682642e-15 -6.58741491e-16 8.66294075e-16 1.20617673e-15 6.33527880e-17 -9.30176574e-16 -2.40721411e-16 -3.45034256e-16 -5.59423712e-16 -1.07401660e-15 9.92644622e-18 -6.95510707e-16 5.02776941e-16 -4.01589917e-16 -2.06281953e-16 9.55303887e-15 3.30339097e-14 7.05568822e-14 1.89376975e-13 3.61135835e-13 1.92218079e-13 4.85126150e-14 6.00523987e-15 3.60650214e-15 4.76264081e-15 1.26388890e-15 -1.42882564e-15 5.89505736e-17 -9.32810816e-16 -9.31946590e-16 -1.42458301e-15 8.34942415e-17 -5.14919973e-16 2.68824378e-16 -1.74642568e-16 -5.19699174e-17 
6.75011475e-13 5.62174684e-13 3.32921559e-13 1.78248579e-14 -2.53552207e-13 -1.05324970e-13 5.10382413e-15 9.34792107e-16 -2.01986236e-15 -1.12122416e-15 -1.18520340e-15 1.15986850e-15 1.76881959e-15 -1.00588141e-15 -2.73576649e-16 -6.85698207e-16 -4.94495574e-17 -1.19319960e-16 3.65653545e-16 6.98193501e-17 -1.17958100e-16 -1.64161638e-15 -7.30829724e-15 2.52435620e-14 6.47663197e-14 1.92218079e-13 3.75119328e-13 1.88308113e-13 5.44533654e-14 7.75249838e-15 5.57412903e-16 7.70106339e-16 3.76080082e-15 4.94511189e-15 -1.32104771e-15 -3.60492357e-16 -8.87504719e-16 -2.21810183e-17 -8.63732265e-18 2.13297584e-16 3.53826653e-17 -2.86506953e-17 
7.22466804e-13 6.62259657e-13 5.29106252e-13 3.14060232e-13 2.26092913e-15 -2.54595283e-13 -9.41908512e-14 1.27754881e-14 9.53350802e-17 5.41320145e-15 1.03139137e-15 2.95182016e-16 7.00224641e-16 -6.23623551e-16 -1.15189453e-15 4.61857458e-16 -5.19739806e-16 1.91462921e-16 -3.29476730e-17 -8.52689927e-17 2.11794138e-16 6.41903866e-15 -1.20116708e-15 -8.51166999e-16 1.98369883e-14 4.85126150e-14 1.88308113e-13 3.84055225e-13 1.56155742e-13 3.15986923e-14 1.91885618e-14 -4.99104366e-16 3.31465935e-15 7.29470222e-16 -5.78082973e-16 -1.96877104e-15 5.49401355e-16 -3.49509716e-16 1.15911617e-16 1.24885582e-17 -2.37512465e-18 3.66566970e-17 
7.10641481e-13 6.69991915e-13 5.94666459e-13 4.81043811e-13 2.76598967e-13 -1.38202829e-15 -2.51144551e-13 -7.84301384e-14 7.69035908e-15 5.66476580e-15 1.96839358e-18 1.09650807e-15 1.86517435e-15 -4.29776988e-16 6.77273795e-16 -2.99925627e-16 3.32838765e-16 -3.44845762e-16 2.42131490e-16 2.62290184e-16 -5.42462469e-16 5.47586898e-15 3.18176439e-15 -4.57481597e-15 5.73448127e-15 6.00523987e-15 5.44533654e-14 1.56155742e-13 3.46259456e-13 1.64743594e-13 4.03277577e-14 1.17958354e-14 3.70110374e-15 3.07453577e-15 -4.35898758e-16 1.53452115e-15 -6.73195858e-16 5.46419355e-16 -3.23440267e-16 2.13376571e-16 1.22358121e-16 -1.42529953e-16 
6.48483108e-13 6.22190981e-13 5.91813840e-13 5.27626884e-13 4.20362411e-13 2.44642485e-13 -6.74470616e-15 -2.30508877e-13 -7.14044752e-14 1.48891558e-14 1.42550708e-16 -1.26467960e-15 1.75276950e-15 1.61148002e-16 1.12812814e-15 -5.08201484e-16 -1.56714176e-16 3.93173409e-16 -1.11721700e-17 -4.16967091e-16 -1.12067982e-16 3.71924196e-15 -1.84899358e-15 7.53769602e-15 3.36034366e-15 3.60650214e-15 7.75249838e-15 3.15986923e-14 1.64743594e-13 3.55075872e-13 1.20166452e-13 2.00536384e-14 9.02089066e-15 5.48164918e-15 -1.16474244e-15 6.68872831e-16 -7.47317250e-16 -5.17871677e-17 3.40096800e-16 -1.11067358e-17 -1.66310336e-16 -1.79328606e-17 
5.51014765e-13 5.42006749e-13 5.26249717e-13 4.97368304e-13 4.43553887e-13 3.54767244e-13 2.06962829e-13 -6.15744003e-15 -2.03285921e-13 -5.11100991e-14 1.05976286e-14 3.11651875e-15 -5.42117280e-16 4.86285046e-16 -5.99083778e-16 6.70705797e-16 4.74556575e-16 3.36549985e-17 -3.99910220e-16 1.62090470e-16 -3.62254412e-16 4.17408561e-15 3.57086413e-15 -2.48763888e-15 6.53779367e-15 4.76264081e-15 5.57412903e-16 1.91885618e-14 4.03277577e-14 1.20166452e-13 3.28447749e-13 1.00552849e-13 1.97393407e-14 2.19481156e-15 7.49356841e-16 -2.04504279e-16 6.85805963e-16 7.20562263e-16 8.66032954e-19 -2.31218364e-16 5.84847301e-17 -8.12480430e-17 
4.52776990e-13 4.51841244e-13 4.43953161e-13 4.30681573e-13 4.05251612e-13 3.61749292e-13 2.91432037e-13 1.72991612e-13 -8.97900649e-15 -1.78084796e-13 -4.29402456e-14 1.43114599e-14 5.53515598e-15 -5.82821037e-16 -2.51978823e-17 3.00808432e-16 -5.69935137e-16 4.25745931e-16 1.65301831e-16 -8.13732675e-17 3.26557227e-16 1.17493061e-15 -2.97620953e-15 -2.81497590e-15 -3.70951576e-15 1.26388890e-15 7.70106339e-16 -4.99104366e-16 1.17958354e-14 2.00536384e-14 1.00552849e-13 2.58774820e-13 8.64745963e-14 1.35799158e-14 5.12156565e-15 -4.82966304e-16 8.36616126e-16 -5.97065185e-16 2.42710339e-16 3.49260716e-17 1.39434454e-18 7.36701937e-17 
3.63933014e-13 3.62716365e-13 3.62349554e-13 3.54569418e-13 3.44977706e-13 3.29285112e-13 2.93059100e-13 2.36155408e-13 1.40156164e-13 -9.04272350e-15 -1.47958035e-13 -2.62332251e-14 1.11334869e-14 8.43038719e-16 -1.19633825e-16 -7.42769801e-16 1.10788260e-15 2.81534309e-16 7.35476916e-17 -3.12208990e-16 2.62112890e-17 3.72182877e-15 -9.62897821e-16 4.41075535e-15 -3.98346860e-15 -1.42882564e-15 3.76080082e-15 3.31465935e-15 3.70110374e-15 9.02089066e-15 1.97393407e-14 8.64745963e-14 2.08796024e-13 6.21266870e-14 1.00929319e-14 8.05355760e-16 -1.00724986e-15 5.65172247e-16 -6.86998368e-17 -1.69712030e-16 -1.09455965e-16 -1.04015220e-18 
2.95367836e-13 2.94999245e-13 2.94614355e-13 2.90284178e-13 2.86802049e-13 2.78961338e-13 2.63399950e-13 2.38265444e-13 1.91191975e-13 1.13223183e-13 -7.95430882e-15 -1.20982610e-13 -1.80087617e-14 9.50409278e-15 -1.73284547e-15 -7.00154546e-16 3.24919536e-16 -2.18938218e-16 -7.92557401e-17 2.96205736e-16 1.27418948e-16 2.22009250e-15 3.07114553e-15 -8.32185813e-16 -2.67048968e-15 5.89505736e-17 4.94511189e-15 7.29470222e-16 3.07453577e-15 5.48164918e-15 2.19481156e-15 1.35799158e-14 6.21266870e-14 1.76407792e-13 5.68564730e-14 8.16779002e-15 3.00270972e-15 1.26160173e-15 1.62164188e-16 -5.77064664e-17 1.27015262e-16 5.58452206e-17 
2.35720889e-13 2.35932093e-13 2.33844702e-13 2.35804862e-13 2.32819026e-13 2.30473638e-13 2.22007747e-13 2.11402840e-13 1.90785468e-13 1.52326514e-13 9.13736856e-14 -5.76161586e-15 -9.86667186e-14 -1.54184996e-14 6.09190157e-15 4.07255113e-16 7.67116568e-16 -1.59041651e-16 2.93207885e-16 3.52667187e-16 4.91914439e-16 -1.17266457e-15 -2.03720830e-15 1.70592993e-15 -2.42622963e-15 -9.32810816e-16 -1.32104771e-15 -5.78082973e-16 -4.35898758e-16 -1.16474244e-15 7.49356841e-16 5.12156565e-15 1.00929319e-14 5.68564730e-14 1.47862251e-13 4.91288470e-14 1.04504646e-14 3.21086156e-15 -3.67051443e-17 3.28773097e-16 1.95856331e-16 1.65781256e-16 
1.92866876e-13 1.91426064e-13 1.90722569e-13 1.91331127e-13 1.91431944e-13 1.89609004e-13 1.85540658e-13 1.81337641e-13 1.72107144e-13 1.53744617e-13 1.25917626e-13 7.26159836e-14 -3.45240459e-15 -7.92724988e-14 -1.17415031e-14 4.27321191e-15 1.13752121e-15 -2.66692904e-16 1.09375698e-16 3.44057076e-16 9.72842504e-17 -4.67483611e-16 -5.65211114e-16 1.04934716e-15 4.72724714e-17 -9.31946590e-16 -3.60492357e-16 -1.96877104e-15 1.53452115e-15 6.68872831e-16 -2.04504279e-16 -4.82966304e-16 8.05355760e-16 8.16779002e-15 4.91288470e-14 1.31443385e-13 4.17064695e-14 7.17725509e-15 1.46925397e-15 4.66746924e-16 2.60051781e-16 8.43426093e-17 
1.58867264e-13 1.59451625e-13 1.58892024e-13 1.58876087e-13 1.59221798e-13 1.57834029e-13 1.56477491e-13 1.52903622e-13 1.48038198e-13 1.39489505e-13 1.27282023e-13 9.89550492e-14 5.87330960e-14 -1.84256522e-15 -5.97448543e-14 -6.48589925e-15 3.37289554e-15 4.16772015e-16 4.46649902e-16 -4.09934524e-16 2.34477545e-16 -1.60585524e-15 -4.03499807e-16 1.48744002e-16 5.33070239e-16 -1.42458301e-15 -8.87504719e-16 5.49401355e-16 -6.73195858e-16 -7.47317250e-16 6.85805963e-16 8.36616126e-16 -1.00724986e-15 3.00270972e-15 1.04504646e-14 4.17064695e-14 1.02928299e-13 3.04170156e-14 6.88085315e-15 1.83696148e-15 3.17855928e-16 7.13465955e-17 
1.31859074e-13 1.31012549e-13 1.32568999e-13 1.31744664e-13 1.31079914e-13 1.30539811e-13 1.29381359e-13 1.29910479e-13 1.27187718e-13 1.22205125e-13 1.15015631e-13 1.01871248e-13 7.92886941e-14 4.54771156e-14 -2.05204469e-15 -4.40617597e-14 -5.48359753e-15 2.36152133e-15 5.14204092e-16 -9.00476755e-17 2.17201476e-16 -1.98669777e-16 -1.07330728e-16 1.80175275e-16 -1.85966585e-16 8.34942415e-17 -2.21810183e-17 -3.49509716e-16 5.46419355e-16 -5.17871677e-17 7.20562263e-16 -5.97065185e-16 5.65172247e-16 1.26160173e-15 3.21086156e-15 7.17725509e-15 3.04170156e-14 6.86294350e-14 2.15065626e-14 3.91376671e-15 1.24815059e-15 1.47630400e-16 
1.09997655e-13 1.10154895e-13 1.10885582e-13 1.09419709e-13 1.09275431e-13 1.09643088e-13 1.09814422e-13 1.08588555e-13 1.07162964e-13 1.05046726e-13 1.01556576e-13 9.30116173e-14 8.27159819e-14 6.52611542e-14 3.76347937e-14 -3.65218601e-15 -2.84250601e-14 -6.13949188e-15 2.05378593e-15 -4.35492053e-16 3.44282892e-16 6.17317484e-16 4.56158900e-17 -5.95921258e-16 -5.55998519e-16 -5.14919973e-16 -8.63732265e-18 1.15911617e-16 -3.23440267e-16 3.40096800e-16 8.66032954e-19 2.42710339e-16 -6.86998368e-17 1.62164188e-16 -3.67051443e-17 1.46925397e-15 6.88085315e-15 2.15065626e-14 8.18919387e-14 2.64750311e-14 5.11743062e-15 5.72185347e-16 
8.97854624e-14 9.07104812e-14 8.92414090e-14 9.04160105e-14 9.06111633e-14 8.99261822e-14 8.99923662e-14 8.99472688e-14 8.85863694e-14 8.81353051e-14 8.57777375e-14 8.11408881e-14 7.64300380e-14 7.04752144e-14 5.24603802e-14 3.04792117e-14 -3.19705724e-15 -3.50778098e-14 -7.73022345e-15 4.29188684e-15 1.39304544e-15 2.44768690e-16 2.33565248e-16 3.13831198e-16 2.58325780e-16 2.68824378e-16 2.13297584e-16 1.24885582e-17 2.13376571e-16 -1.11067358e-17 -2.31218364e-16 3.49260716e-17 -1.69712030e-16 -5.77064664e-17 3.28773097e-16 4.66746924e-16 1.83696148e-15 3.91376671e-15 2.64750311e-14 1.14269775e-13 3.59571949e-14 6.71602648e-15 
7.20032641e-14 7.25843627e-14 7.22591443e-14 7.29240912e-14 7.24825720e-14 7.28305907e-14 7.30667935e-14 7.22653633e-14 7.24287862e-14 7.26349248e-14 7.11688885e-14 6.87407842e-14 6.72154558e-14 6.58958847e-14 5.38648120e-14 4.32684704e-14 1.60946756e-14 -4.57597951e-15 -5.07631317e-14 -9.86230410e-15 1.24020044e-14 8.65460076e-17 -1.33073197e-16 -1.33081448e-17 -9.82205975e-17 -1.74642568e-16 3.53826653e-17 -2.37512465e-18 1.22358121e-16 -1.66310336e-16 5.84847301e-17 1.39434454e-18 -1.09455965e-16 1.27015262e-16 1.95856331e-16 2.60051781e-16 3.17855928e-16 1.24815059e-15 5.11743062e-15 3.59571949e-14 1.57853777e-13 5.47069793e-14 
5.61048800e-14 5.57081766e-14 5.56157207e-14 5.64116215e-14 5.65118094e-14 5.70130341e-14 5.67379432e-14 5.60042704e-14 5.65753038e-14 5.58175947e-14 5.63079461e-14 5.47596829e-14 5.45669628e-14 5.58526882e-14 4.76049908e-14 4.22185451e-14 2.01342305e-14 1.43686673e-14 -1.21394379e-14 -8.14014920e-14 2.20966267e-15 5.01355031e-17 2.88455739e-17 6.63970776e-17 2.75112744e-17 -5.19699174e-17 -2.86506953e-17 3.66566970e-17 -1.42529953e-16 -1.79328606e-17 -8.12480430e-17 7.36701937e-17 -1.04015220e-18 5.58452206e-17 1.65781256e-16 8.43426093e-17 7.13465955e-17 1.47630400e-16 5.72185347e-16 6.71602648e-15 5.47069793e-14 2.54719285e-13 
